01000000000000000000000000000000000000000000000000000000000000000000
00000000000000000000000000000000000001000000000000000000000000000000
00001000000001000000000000000000000000000000000000000000000000000000
00001000000010000000000000000000000000000000000000000000000000000000
00000100100000000000000000000000000000000000000000000000000000000000
00000001000000000000000000000000000000000000000000000000000000000000
00000001000010000000000000000000000000000000000000000000000000000000
00000000000000000000000000000001000000000000000000000000000000000000
00000000000100000000000000000000000000000000000000000000000000000000
00000000001000000000000000000000000000000000000000000000000000000000
00000000000100000000000000000000000000000000000000000000000000000000
00000000000000000000000000000000000100000000000000000000000000000000
00000000000001000000000000000000000000000000000000000000000000000000
00000000000000010000000000000000000000000000000000000000000000000000
00000000000000010000000000000000000000000000000000000000000000000000
00000000000000000000000000000000000010000000000000000000000000000000
00000000000000000000000000000000000000000000000000000000000000000001
00000000000000000000000000000000000000000000000000000000000010000000
00000000000000000000000000000000000000000010000000011000000000000000
00000000000000000000000000000000000000000001000000010000000000000100
00000000000000000000000000000000000000000000001000000000000000000000
00000000000000000000000000000000000000000000010000000000000000000000
00000000000000000000000000000000000000000000000000000000000100000010
00000000000000000000000000000000000000000000000000011000100000000100
00000000000000000000000000000000000000000000000000000000000010000001
00000000000000100000000000000000000000000000000000000000000001000000
00000000000000100000000000000000000000000000000000000000000001000000
00000000000000000000000000000000000000000000000000000000000000000000
00010110100000100000000000000100000000000000000000000000000000000000
01100000010010000000000000000000000000000000000000000000000000000000
00000000000000000011110100000000100000000000000000000000000000000000
10010110100000000000000000000000000000000000000000000010000000000000
00000000000000000000000000000000000000000000100000000100100000001000
00000000000000100000000000000000000000000100000010000000000000000000
00000000000000000000000000010000000000000000000000000000000100000010
10000000110000000000000000000000000000000000000100000000010000000000
10000001000011000000000000000000000000000000000100000000000000010000
00010010000000000000000000000100000000000000000000000010000000000000
00000000000000000000000000000000001000000000000000000001000000000000
00000000000000000000000000000000000000000000000000000000000000000000
00000000000000000000001000000000000000000000000000000000001000100000
00000000000000000000000000000000000000000000000010000000000000000000
00000000000000000000000000100000000000000001000000000000000000000000
00000000000000000000000001000000010000000000000000000000000000000000
00000000000000000000010000000000000000000000000000000100000000000000
00000000000000000000000000000000000000000001100000000000000000001000
00000000000000000000000000000000000000000010100000000100000000000000
00000000000000000000000000000000000000000000000000000000001000100000
01000001000100010000000000000000000000000000000000000000000000000000
00000000000000000000000000000000000000000000000000100000000000000000
00000000000000000000000000000000000000000000000000000000000000000000
00000000000000000001000000000000000000000000000000001000000000000000
00000000000000000010000000000000000000000000000000000000000000000000
00000000000000000000100000000000000000000000000000000000000000000000
01100000010000000000000000000000000000000000000100000000000000000000
00000000000000000000000000000000000000010000000100000000000000000000
00000000000000000000000000000000000000000010000000000000000000000000
00110100000000000000000000000000000000000000000000000000000000000000
00000000000000000000000000000000000000100000000000000000000000000000
00000000000000000000000000000000000000000000000000000000000010000000
00000000000000000100000000000000000000000000000000000000000000000000
00000000000000000000000000000000000000000100000010000000000000000000
00000000000000000000000000000000000000001000000000000000000000000000
00000001001100000000000000000000000000000000000000000000000000000000
00000000000000000000000000000000100000000000000000000000000000000000
00000000000000000000000100000000000000000000000000000000000000000000
00000000000000000000000000000000000000000000000000000000000000000001
00000000000000001000000000000000000000000000000000000000000000000000
